 0.3144577564442543
 0.6598180757933302
 0.9892670196453783
 0.5512788641303622
 0.986140107822336
 0.4122489270856981
 0.3137125042252141
 0.9717782962390044
 0.09627749761830999
 0.7012939142948246
 0.8080326040999944
 0.3187597650810378
 0.4095440609913253
 0.6845635478811809
 0.8403901355259934
 0.6598855376236989
 0.5345676971582528
 0.1188665982529165
 0.1116975348176448
 0.1994195812803071
 0.2053687920926759
 0.5391608143550136
 0.06986785918613363
 0.8677789255675641
 0.4212505591653069
 0.1807546630935911
 0.4863297365429731
 0.338496491013119
 0.009862098063833803
 0.1806220283672768
 0.5011026449638659
 0.5871013673294563
 0.6963436404677613
 0.8966129690241341
 0.7163569092311289
 0.3241870412611046
 0.4915784527732464
 0.4593380695388408
 0.3414345807925539
 0.3916731057385431
 0.3112588761487508
 0.1182707696733084
 0.5756372528519104
 0.1144096567523542
 0.6130971371000059
 0.7986152631220172
 0.9091764778837207
 0.2664882991757104
 0.07597489562641428
 0.5117296278767601
 0.6062662099269188
 0.6678607726629379
 0.3567688457658917
 0.6959671124456134
 0.4900294742450681
 0.009357953684258003
 0.19374823843377
 0.1558773215632501
 0.7473051197246249
 0.6099543152667894
 0.07707483610520487
 0.9833811049953478
 0.6523769063801617
 0.3463774074909924
 0.7597431217102925
 0.6621109086413791
 0.272146713926685
 0.7338764986722365
 0.4986968413392581
 0.8086545895550622
 0.06135835660650106
 0.2597421516492597
 0.302964156431738
 0.01448247153496378
 0.33588649708029
 0.1250399105825488
 0.9962760433520859
 0.07820573871758989
 0.6973710269233833
 0.6254227976298522
 0.3295857183277335
 0.8045154676675071
 0.3636531617805618
 0.9877997973631927
 0.1368412357201009
 0.342084575894902
 0.2119144196626119
 0.4955567765876902
 0.2806594780116924
 0.5110411273801784
 0.5411548314842719
 0.6793851959592211
 0.2402616744851829
 0.9056710285647482
 0.2157344569093023
 0.3196371138362392
 0.6066197400477125
 0.7612664118616761
 0.201889887592264
 0.2875841866427184
 0.7819628860186542
 0.9240689060817493
 0.7819237552571068
 0.5071930911407734
 0.5542731339381992
 0.646106033706986
 0.4903653383904811
 0.9710104911951977
 0.6370409065367205
 0.06386686245291799
 0.1797445112069901
 0.5939662824664845
 0.02144176527367963
 0.2228006623367544
 0.6332910187302507
 0.6833490266892928
 0.7841089942415597
 0.3371690890400195
 0.2960638321836735
 0.4761763248252861
 0.4225017016571072
 0.4818263560727695
 0.8995359611930108
 0.9162866832438332
 0.02170700952765907
 0.2237077259137698
 0.7359349694363346
 0.317943469702901
 0.508263615989791
 0.9641877963288887
 0.9772920214787043
 0.4750975778854378
 0.2792150679220552
 0.8032328248021601
 0.6302982885981443
 0.9107789068662149
 0.8743993808140182
 0.4867986014290134
 0.9352288048456564
 0.9798775249910472
 0.1176793822141657
 0.1209974173899851
 0.7182769258163184
 0.2135363517939085
 0.05990745900878307
 0.9653730826817446
 0.07051329889106266
 0.5934489025677367
 0.5009668353181774
 0.9376689191171647
 0.3303393081373436
 0.3040759353299236
 0.2990297603882788
 0.3102230406496504
 0.8018364192003479
 0.1965654444316028
 0.6386456100196305
 0.6333202306161527
 0.6478123051912281
 0.3467459602972692
 0.43844749750753
 0.1807916019411861
 0.429365763879589
 0.3272863797342238
 0.02052842127428105
 0.1806221406996126
 0.02822584886932293
 0.5265222956650302
 0.1485328492750645
 0.3453611953361758
 0.8263837191406701
 0.03113815407543268
 0.2168324152365257
 0.2471213760531881
 0.6723936775111639
 0.9598457918061156
 0.472441401531304
 0.736266500747446
 0.1114643710196557
 0.3221361768361938
 0.9911835328773363
 0.5279258154826215
 0.7398703394065369
 0.9666822784313294
 0.6078214813155642
 0.9227108522633789
 0.9850350281608713
 0.4150147225284277
 0.6988675520567847
 0.2678870456643396
 0.7068667078569599
 0.3113950377536363
 0.3363354449849079
 0.321108283167806
 0.9340630865652356
 0.5851071867471671
 0.4676960497105583
 0.1127777077646364
 0.4769169897845832
 0.3898327167655807
 0.7515147131442568
 0.5732671537608387
 0.2514085395403386
 0.9907451960321207
 0.281822753244832
 0.8799331179492833
 0.6714909622256614
 0.6400491844879821
 0.1282399782979644
 0.591352965086137
 0.6947171590253161
 0.1170106188190835
 0.7600349704813183
 0.304779792160891
 0.8960759629303038
 0.2506211581491608
 0.8296452238983678
 0.986759926599052
 0.5190095271814187
 0.4090778657053438
 0.4255780297741703
 0.9786892728864379
 0.309679218921609
 0.01025568516773094
 0.1498559930676392
 0.7344161349823066
 0.9944911907430651
 0.3605741299461833
 0.2392686325963245
 0.7007758910859458
 0.396138043344022
 0.1922881747743114
 0.81713715355289
 0.7750782547635869
 0.3157581851787255
 0.06162908151474904
 0.2689566787701917
 0.7803784371561941
 0.950837373304204
 0.764750314471855
 0.2913147307288689
 0.6348515140903558
 0.1109993965654045
 0.4981373990692075
 0.6497715561022108
 0.418550710812609
 0.7951058898183505
 0.2673644186492399
 0.4507971073714184
 0.8715972037055115
 0.02956746487334032
 0.5743845146494089
 0.1055212203898346
 0.3614302080308029
 0.5683038330079069
 0.1465752462382601
 0.2692048130160212
 0.2151734789076704
 0.3228459858602324
 0.4833571561617399
 0.1384332582286654
 0.5719143344557107
 0.2503857821925786
 0.330147242586259
 0.1777919639505198
 0.928610921485337
 0.9654588388289398
 0.3010802673869036
 0.5005687082917191
 0.4989061474817747
 0.7530851244678608
 0.4594465711905174
 0.2053179699724823
 0.643861962986678
 0.6409650535391004
 0.868860626261391
 0.5563433939904581
 0.5316342959407042
 0.1353799236850667
 0.1932849879207525
 0.6809102642323236
 0.4849899774214143
 0.9452965373327721
 0.1422342855037458
 0.002199199160861687
 0.4585745267892461
 0.2029732805521121
 0.7427318083333952
 0.2850123948751603
 0.314737544670548
 0.4378427556283838
 0.1384975080386299
 0.4558294021977715
 0.2426857025494617
 0.03205545651188306
 0.5578492315629741
 0.5167905463107749
 0.4744747812681581
 0.5393844602589475
 0.6148543847241732
 0.5383342984916775
 0.9366642070176514
 0.1541729659250502
 0.02718546631571777
 0.1461141139457851
 0.6308649055280008
 0.4591861004895572
 0.7472040358583655
 0.3143660307151535
 0.1049049479368106
 0.9333142570879421
 0.02775747921926735
 0.5813475254996177
 0.384901030133107
 0.8295767575560239
 0.9624358229693145
 0.8466022506100193
 0.7686623436240957
 0.6149412306185084
 0.1433156123562252
 0.3749645658755035
 0.446071999656823
 0.8498754587989494
 0.2576128983942373
 0.5249006425887925
 0.4660894707974686
 0.06082134203896121
 0.5190856245159361
 0.3212240655586839
 0.08124572596776962
 0.5153060564552638
 0.9497956051336764
 0.4009927865789736
 0.5555265606807366
 0.5011512287240543
 0.2100606078579155
 0.8348185686943956
 0.4784729395201752
 0.8530428913504468
 0.01866523058642249
 0.172484570541686
 0.123297029129047
 0.8521496359144766
 0.6431609876711818
 0.4956899559305393
 0.3294310835133218
 0.2755625959412744
 0.3433362269676607
 0.5910353441872949
 0.5650452793235595
 0.02604528343532546
 0.1896600104198067
 0.6885690283954198
 0.3133165559584968
 0.8449688162414087
 0.4355309599899703
 0.3637576011771531
 0.4080962479481823
 0.2767908100783777
 0.3918188115860504
 0.01861566454536872
 0.669355577782904
 0.2076050197099021
 0.7841591747545004
 0.08525965252164729
 0.07651314946547931
 0.04963715015153917
 0.95242989155416
 0.009027870668755811
 0.08018973054195193
 0.05462379483541106
 0.5451010738180257
 0.8091243813894914
 0.5447898636302622
 0.3088068820243527
 0.8244958121793015
 0.6977150202636834
 0.357326703185651
 0.2721745841853425
 0.755206069817477
 0.9552711758137941
 0.4163308218124256
 0.1230660399126295
 0.5226262204996119
 0.6338412810457028
 0.2668302123667468
 0.9320931025537362
 0.05429432002245164
 0.134333396782005
 0.8974796992034872
 0.05329826504490347
 0.03900847649665833
 0.7420583837814878
 0.878288326448999
 0.7040249820253071
 0.3665789224886659
 0.3864565621272923
 0.114697400704938
 0.07736706821179788
 0.4843908587294177
 0.7796468334292923
 0.1977035661839681
 0.06503386231348667
 0.5923434358607175
 0.1626376023674512
 0.2114392615970924
 0.1617044590037148
 0.6634358266427927
 0.6497785666877718
 0.6155938025462899
 0.9507004854863736
 0.4781673034734278
 0.9035373973796124
 0.7660430922734117
 0.2928708856406374
 0.1705387849125615
 0.7823892189413183
 0.8458507130369588
 0.2506090733367831
 0.05464751711501829
 0.8598486397130263
 0.6902635671722185
 0.6382137647785562
 0.6063597240282546
 0.5606857141304282
 0.6607827094530212
 0.6015245337949281
 0.7316582226969515
 0.8439802815253151
 0.2325216401063251
 0.8935796100294283
 0.8065290377820818
 0.2579679204708279
 0.01958226617916918
 0.6207141875669824
 0.5460832300366252
 0.7568535711278004
 0.3522727315246547
 0.2528650125040039
 0.8272034925646677
 0.05681329997050093
 0.1862650788739128
 0.04885981920499165
 0.3891471272915739
 0.04613191312604063
 0.8067236039710048
 0.867252283565491
 0.2908250833278369
 0.3196398676418433
 0.761447431673777
 0.5983404720546291
 0.2180423355401234
 0.4075114176837151
 0.1765168874728084
 0.2628615782126977
 0.9117880205132977
 0.7084056508479192
 0.4857554177718714
 0.8698637736088396
 0.5609242135101332
 0.06919408138105081
 0.3777338534335187
 0.5646232561372034
 0.2673482777908937
 0.8738742337392921
 0.2968997120355036
 0.1780372641088263
 0.478980858273356
 0.2172869892613805
 0.7136353600981092
 0.4795597756666922
 0.07167228150581355
 0.1702886076434182
 0.4161866841337827
 0.6592570652828306
 0.9405957136102728
 0.3954726910856907
 0.6555077535232788
 0.6188790593537185
 0.7208138437920275
 0.4290282118695608
 0.7576965363874066
 0.8398474863669149
 0.8077541753187475
 0.1258095705974685
 0.4450789361552721
 0.7122348599495993
 0.02205420231981008
 0.7376136097394054
 0.07342125671459225
 0.4662423360083226
 0.7663466974532289
 0.0751295504213874
 0.5758216240051088
 0.8328740449812519
 0.04227726172771921
 0.7889853539304084
 0.1069811083673169
 0.5820434314393268
 0.3324141289133986
 0.8139910538032378
 0.7756449904361324
 0.9153227658747242
 0.3796180214860358
 0.7076510573981322
 0.1018976389087205
 0.3242098552339435
 0.5121740744611559
 0.821523690447816
 0.5725954151217965
 0.2839294685172023
 0.08522383565606188


